4.454519262313842773e+02
2.730525567531585693e+02
1.424022471904754639e+02
7.132888412475585938e+01
3.482436990737915039e+01
1.572205686569213867e+01
8.027091026306152344e+00
3.217160701751708984e+00
1.676844596862792969e+00
9.152331352233886719e-01
4.878077507019042969e-01
3.333978652954101562e-01
2.266554832458496094e-01
1.738667488098144531e-01
1.427030563354492188e-01
1.448149681091308594e-01
1.250371932983398438e-01
1.118335723876953125e-01
1.048588752746582031e-01
1.026043891906738281e-01
9.574985504150390625e-02
8.643388748168945312e-02
8.464479446411132812e-02
8.164787292480468750e-02
7.302474975585937500e-02
7.767343521118164062e-02
6.951522827148437500e-02
7.007980346679687500e-02
6.577968597412109375e-02
6.490564346313476562e-02
6.336545944213867188e-02
6.614828109741210938e-02
6.279087066650390625e-02
6.337118148803710938e-02
5.867481231689453125e-02
5.653333663940429688e-02
6.025505065917968750e-02
5.073881149291992188e-02
5.214214324951171875e-02
5.291080474853515625e-02
4.991912841796875000e-02
5.410718917846679688e-02
4.862833023071289062e-02
5.029726028442382812e-02
4.648256301879882812e-02
4.437685012817382812e-02
4.804420471191406250e-02
4.634761810302734375e-02
4.611206054687500000e-02
4.340076446533203125e-02
4.280185699462890625e-02
4.151058197021484375e-02
4.237174987792968750e-02
4.401540756225585938e-02
3.941631317138671875e-02
4.419946670532226562e-02
4.075717926025390625e-02
3.739833831787109375e-02
3.823518753051757812e-02
4.165649414062500000e-02
4.289627075195312500e-02
3.715324401855468750e-02
3.560590744018554688e-02
3.519010543823242188e-02
3.321599960327148438e-02
3.609037399291992188e-02
3.484058380126953125e-02
3.613185882568359375e-02
3.852939605712890625e-02
3.399705886840820312e-02
3.383016586303710938e-02
3.461074829101562500e-02
3.249549865722656250e-02
3.267669677734375000e-02
3.361940383911132812e-02
3.188705444335937500e-02
3.034496307373046875e-02
2.866840362548828125e-02
3.007221221923828125e-02
3.400516510009765625e-02
2.939224243164062500e-02
3.175640106201171875e-02
2.960968017578125000e-02
3.103065490722656250e-02
3.182744979858398438e-02
3.229141235351562500e-02
2.954816818237304688e-02
3.027677536010742188e-02
2.936840057373046875e-02
3.036642074584960938e-02
2.922153472900390625e-02
2.652454376220703125e-02
2.912425994873046875e-02
2.695178985595703125e-02
3.030633926391601562e-02
2.758502960205078125e-02
2.807569503784179688e-02
2.633523941040039062e-02
2.953529357910156250e-02
2.860260009765625000e-02
2.546358108520507812e-02
2.509069442749023438e-02
3.030395507812500000e-02
2.828645706176757812e-02
2.862405776977539062e-02
2.759790420532226562e-02
2.446222305297851562e-02
2.560329437255859375e-02
2.784442901611328125e-02
2.513551712036132812e-02
2.499294281005859375e-02
2.244853973388671875e-02
2.632617950439453125e-02
2.559709548950195312e-02
2.525901794433593750e-02
2.531671524047851562e-02
2.515459060668945312e-02
2.463388442993164062e-02
2.282428741455078125e-02
2.452754974365234375e-02
2.179527282714843750e-02
2.542304992675781250e-02
2.365350723266601562e-02
2.323389053344726562e-02
2.642631530761718750e-02
2.581739425659179688e-02
2.495145797729492188e-02
2.221632003784179688e-02
2.451658248901367188e-02
2.568864822387695312e-02
2.275657653808593750e-02
2.452278137207031250e-02
2.552461624145507812e-02
2.182149887084960938e-02
2.277326583862304688e-02
2.515792846679687500e-02
2.184247970581054688e-02
2.207183837890625000e-02
2.264642715454101562e-02
2.292537689208984375e-02
2.182817459106445312e-02
2.199125289916992188e-02
2.370500564575195312e-02
2.092027664184570312e-02
1.888942718505859375e-02
2.665328979492187500e-02
1.902198791503906250e-02
1.861953735351562500e-02
2.095746994018554688e-02
1.880025863647460938e-02
2.069091796875000000e-02
2.265834808349609375e-02
2.097845077514648438e-02
2.369499206542968750e-02
2.209043502807617188e-02
2.122259140014648438e-02
2.212047576904296875e-02
1.914596557617187500e-02
1.850080490112304688e-02
2.065896987915039062e-02
2.258682250976562500e-02
2.266407012939453125e-02
1.867866516113281250e-02
1.940631866455078125e-02
2.007341384887695312e-02
1.864051818847656250e-02
2.065467834472656250e-02
2.144718170166015625e-02
1.972198486328125000e-02
1.924943923950195312e-02
2.052021026611328125e-02
2.059412002563476562e-02
2.056360244750976562e-02
1.807689666748046875e-02
1.904535293579101562e-02
2.049446105957031250e-02
1.907730102539062500e-02
2.399158477783203125e-02
2.019977569580078125e-02
1.816749572753906250e-02
1.965188980102539062e-02
1.868963241577148438e-02
1.610565185546875000e-02
2.066516876220703125e-02
1.831769943237304688e-02
2.097272872924804688e-02
1.980066299438476562e-02
1.911640167236328125e-02
2.062416076660156250e-02
1.716566085815429688e-02
1.784706115722656250e-02
1.368093490600585938e-02
1.815032958984375000e-02
2.044486999511718750e-02
1.914739608764648438e-02
1.862621307373046875e-02
1.741552352905273438e-02
1.893711090087890625e-02
2.085828781127929688e-02
1.532983779907226562e-02
2.285003662109375000e-02
1.605224609375000000e-02
2.008962631225585938e-02
2.057456970214843750e-02
1.899433135986328125e-02
1.724386215209960938e-02
1.705217361450195312e-02
1.855945587158203125e-02
1.645517349243164062e-02
2.023172378540039062e-02
1.757955551147460938e-02
1.629066467285156250e-02
1.895046234130859375e-02
1.823472976684570312e-02
1.511764526367187500e-02
1.801395416259765625e-02
1.798105239868164062e-02
1.460552215576171875e-02
1.728391647338867188e-02
1.567888259887695312e-02
1.557064056396484375e-02
1.465702056884765625e-02
1.616764068603515625e-02
1.667356491088867188e-02
1.524353027343750000e-02
1.704740524291992188e-02
1.455068588256835938e-02
1.622629165649414062e-02
1.721620559692382812e-02
1.837158203125000000e-02
1.795101165771484375e-02
1.911830902099609375e-02
1.798868179321289062e-02
1.574850082397460938e-02
1.657152175903320312e-02
1.853275299072265625e-02
1.660776138305664062e-02
1.777648925781250000e-02
1.561832427978515625e-02
1.884984970092773438e-02
1.669168472290039062e-02
1.432418823242187500e-02
2.027273178100585938e-02
1.675033569335937500e-02
1.600360870361328125e-02
1.635408401489257812e-02
1.588821411132812500e-02
1.832818984985351562e-02
1.712751388549804688e-02
1.945686340332031250e-02
1.835155487060546875e-02
1.583528518676757812e-02
1.473093032836914062e-02
1.548099517822265625e-02
1.460886001586914062e-02
1.600599288940429688e-02
1.754760742187500000e-02
1.642847061157226562e-02
1.485824584960937500e-02
1.665925979614257812e-02
1.527500152587890625e-02
1.775598526000976562e-02
1.693439483642578125e-02
1.277971267700195312e-02
1.442098617553710938e-02
1.275110244750976562e-02
1.449871063232421875e-02
1.506376266479492188e-02
1.629590988159179688e-02
1.468324661254882812e-02
1.500511169433593750e-02
1.616525650024414062e-02
1.438474655151367188e-02
1.512908935546875000e-02
1.257658004760742188e-02
1.631069183349609375e-02
1.581907272338867188e-02
1.585721969604492188e-02
1.544809341430664062e-02
1.729488372802734375e-02
1.694154739379882812e-02
1.176691055297851562e-02
1.539945602416992188e-02
1.499700546264648438e-02
1.576185226440429688e-02
1.693010330200195312e-02
1.548051834106445312e-02
1.672697067260742188e-02
1.424264907836914062e-02
1.564407348632812500e-02
1.352739334106445312e-02
1.505041122436523438e-02
1.425886154174804688e-02
1.506090164184570312e-02
1.452255249023437500e-02
1.417207717895507812e-02
1.482915878295898438e-02
1.485204696655273438e-02
1.685142517089843750e-02
1.474714279174804688e-02
1.347160339355468750e-02
1.463079452514648438e-02
1.232910156250000000e-02
1.323270797729492188e-02
1.455307006835937500e-02
1.381492614746093750e-02
1.460266113281250000e-02
1.271438598632812500e-02
1.608562469482421875e-02
1.470041275024414062e-02
1.524448394775390625e-02
1.248979568481445312e-02
1.476430892944335938e-02
1.470756530761718750e-02
1.634693145751953125e-02
1.328372955322265625e-02
1.251983642578125000e-02
1.620817184448242188e-02
1.452636718750000000e-02
1.556539535522460938e-02
1.445198059082031250e-02
1.441049575805664062e-02
1.348304748535156250e-02
1.504421234130859375e-02
1.424217224121093750e-02
1.392126083374023438e-02
1.613092422485351562e-02
1.311111450195312500e-02
1.265525817871093750e-02
1.233816146850585938e-02
1.473236083984375000e-02
1.138401031494140625e-02
1.367521286010742188e-02
1.478862762451171875e-02
1.515245437622070312e-02
1.239109039306640625e-02
1.443243026733398438e-02
1.313781738281250000e-02
1.502609252929687500e-02
1.208591461181640625e-02
1.288843154907226562e-02
1.588869094848632812e-02
1.398801803588867188e-02
1.322984695434570312e-02
1.128816604614257812e-02
1.289272308349609375e-02
1.388263702392578125e-02
1.210117340087890625e-02
1.288127899169921875e-02
1.385354995727539062e-02
1.187992095947265625e-02
1.700782775878906250e-02
1.212263107299804688e-02
1.259136199951171875e-02
1.160001754760742188e-02
1.254320144653320312e-02
1.318550109863281250e-02
1.316976547241210938e-02
1.358985900878906250e-02
1.264667510986328125e-02
1.041507720947265625e-02
1.330232620239257812e-02
1.217269897460937500e-02
1.237964630126953125e-02
1.158046722412109375e-02
1.251459121704101562e-02
1.253747940063476562e-02
1.123952865600585938e-02
1.375627517700195312e-02
1.106166839599609375e-02
1.268911361694335938e-02
1.462459564208984375e-02
1.283359527587890625e-02
1.323461532592773438e-02
1.215410232543945312e-02
1.240253448486328125e-02
1.266860961914062500e-02
1.220273971557617188e-02
1.252126693725585938e-02
1.525688171386718750e-02
1.249599456787109375e-02
1.215696334838867188e-02
1.235342025756835938e-02
1.078557968139648438e-02
1.186609268188476562e-02
1.176500320434570312e-02
1.161003112792968750e-02
1.073646545410156250e-02
1.383447647094726562e-02
1.119709014892578125e-02
1.213026046752929688e-02
1.073884963989257812e-02
1.248455047607421875e-02
1.195526123046875000e-02
1.101922988891601562e-02
1.003456115722656250e-02
1.345920562744140625e-02
1.214742660522460938e-02
1.093244552612304688e-02
1.268577575683593750e-02
1.068735122680664062e-02
1.343822479248046875e-02
1.153421401977539062e-02
1.119136810302734375e-02
1.457786560058593750e-02
1.544427871704101562e-02
9.954929351806640625e-03
1.106023788452148438e-02
1.062631607055664062e-02
1.100015640258789062e-02
1.110553741455078125e-02
1.007843017578125000e-02
1.006460189819335938e-02
1.526784896850585938e-02
1.415681838989257812e-02
1.443290710449218750e-02
1.330041885375976562e-02
9.958267211914062500e-03
1.436185836791992188e-02
1.135921478271484375e-02
1.128482818603515625e-02
1.184463500976562500e-02
1.193809509277343750e-02
1.264715194702148438e-02
8.521080017089843750e-03
1.119422912597656250e-02
1.467180252075195312e-02
1.244068145751953125e-02
1.261091232299804688e-02
8.907794952392578125e-03
1.392745971679687500e-02
1.105213165283203125e-02
1.495218276977539062e-02
1.095628738403320312e-02
1.202535629272460938e-02
1.626682281494140625e-02
1.124811172485351562e-02
9.912490844726562500e-03
1.165866851806640625e-02
1.205492019653320312e-02
1.210117340087890625e-02
1.072835922241210938e-02
1.187849044799804688e-02
1.427125930786132812e-02
1.136541366577148438e-02
1.061058044433593750e-02
1.090526580810546875e-02
1.074361801147460938e-02
1.102304458618164062e-02
1.169729232788085938e-02
1.121187210083007812e-02
1.177024841308593750e-02
1.082420349121093750e-02
1.025772094726562500e-02
1.015710830688476562e-02
1.266813278198242188e-02
1.015186309814453125e-02
1.195907592773437500e-02
1.129245758056640625e-02
9.084224700927734375e-03
1.009178161621093750e-02
1.063299179077148438e-02
9.981155395507812500e-03
1.206827163696289062e-02
1.174449920654296875e-02
1.001691818237304688e-02
1.174974441528320312e-02
1.093244552612304688e-02
1.089096069335937500e-02
1.003503799438476562e-02
1.110267639160156250e-02
1.237249374389648438e-02
1.198768615722656250e-02
8.820056915283203125e-03
1.183080673217773438e-02
1.081848144531250000e-02
1.069355010986328125e-02
1.075363159179687500e-02
9.511470794677734375e-03
8.576869964599609375e-03
1.285982131958007812e-02
1.112747192382812500e-02
1.230525970458984375e-02
1.117372512817382812e-02
1.248884201049804688e-02
1.328182220458984375e-02
1.188230514526367188e-02
9.665012359619140625e-03
1.025581359863281250e-02
1.452732086181640625e-02
9.829998016357421875e-03
1.178026199340820312e-02
1.420164108276367188e-02
1.062059402465820312e-02
1.154947280883789062e-02
1.235628128051757812e-02
1.070213317871093750e-02
1.106214523315429688e-02
9.925365447998046875e-03
1.173114776611328125e-02
1.638889312744140625e-02
1.067399978637695312e-02
1.012468338012695312e-02
1.237630844116210938e-02
9.369850158691406250e-03
1.128339767456054688e-02
1.069927215576171875e-02
1.135396957397460938e-02
9.930610656738281250e-03
1.039409637451171875e-02
1.383924484252929688e-02
8.374691009521484375e-03
1.190662384033203125e-02
9.131908416748046875e-03
1.090669631958007812e-02
9.396076202392578125e-03
1.010036468505859375e-02
1.050662994384765625e-02
1.145219802856445312e-02
1.258039474487304688e-02
9.990692138671875000e-03
1.040554046630859375e-02
1.308679580688476562e-02
1.052236557006835938e-02
1.185512542724609375e-02
1.049518585205078125e-02
7.554054260253906250e-03
9.772300720214843750e-03
9.808063507080078125e-03
1.102685928344726562e-02
9.640693664550781250e-03
1.043796539306640625e-02
8.770465850830078125e-03
1.084756851196289062e-02
1.036405563354492188e-02
1.143026351928710938e-02
9.733200073242187500e-03
1.088190078735351562e-02
1.013660430908203125e-02
9.686946868896484375e-03
1.055669784545898438e-02
8.708000183105468750e-03
1.364183425903320312e-02
9.368419647216796875e-03
9.635925292968750000e-03
9.578227996826171875e-03
8.425235748291015625e-03
9.579658508300781250e-03
1.175880432128906250e-02
1.002788543701171875e-02
1.026964187622070312e-02
1.066017150878906250e-02
1.047992706298828125e-02
1.282453536987304688e-02
1.052713394165039062e-02
1.100540161132812500e-02
9.735107421875000000e-03
1.006031036376953125e-02
8.968830108642578125e-03
1.113843917846679688e-02
9.795665740966796875e-03
9.871959686279296875e-03
1.008319854736328125e-02
8.914947509765625000e-03
9.294033050537109375e-03
9.514808654785156250e-03
1.053905487060546875e-02
9.004116058349609375e-03
1.018953323364257812e-02
1.028871536254882812e-02
1.153659820556640625e-02
9.692192077636718750e-03
9.894371032714843750e-03
1.112365722656250000e-02
1.077032089233398438e-02
7.915496826171875000e-03
1.000642776489257812e-02
1.172685623168945312e-02
8.451938629150390625e-03
8.993148803710937500e-03
1.061105728149414062e-02
1.148319244384765625e-02
8.931159973144531250e-03
1.037454605102539062e-02
1.238489151000976562e-02
1.259469985961914062e-02
1.004076004028320312e-02
9.545326232910156250e-03
9.673118591308593750e-03
8.585929870605468750e-03
1.136589050292968750e-02
1.005887985229492188e-02
1.161718368530273438e-02
9.613513946533203125e-03
8.578777313232421875e-03
9.221076965332031250e-03
8.979797363281250000e-03
1.063776016235351562e-02
9.534835815429687500e-03
9.438514709472656250e-03
1.289796829223632812e-02
7.644653320312500000e-03
9.827136993408203125e-03
8.634090423583984375e-03
9.565830230712890625e-03
1.046514511108398438e-02
8.345127105712890625e-03
8.824348449707031250e-03
1.232814788818359375e-02
8.591651916503906250e-03
8.683681488037109375e-03
8.616924285888671875e-03
9.577751159667968750e-03
9.075164794921875000e-03
9.910583496093750000e-03
1.128244400024414062e-02
9.657859802246093750e-03
1.087808609008789062e-02
9.150028228759765625e-03
1.145076751708984375e-02
1.147985458374023438e-02
8.458137512207031250e-03
1.026868820190429688e-02
7.513046264648437500e-03
1.134824752807617188e-02
1.018905639648437500e-02
1.029539108276367188e-02
1.047658920288085938e-02
1.093292236328125000e-02
9.856700897216796875e-03
9.760856628417968750e-03
9.901523590087890625e-03
7.431983947753906250e-03
9.194850921630859375e-03
1.079273223876953125e-02
9.602069854736328125e-03
1.076507568359375000e-02
9.778976440429687500e-03
8.668422698974609375e-03
8.923530578613281250e-03
8.472442626953125000e-03
8.451461791992187500e-03
7.651805877685546875e-03
8.290290832519531250e-03
1.128005981445312500e-02
8.533000946044921875e-03
1.033020019531250000e-02
9.240627288818359375e-03
8.338928222656250000e-03
1.038551330566406250e-02
8.724212646484375000e-03
7.019519805908203125e-03
9.893894195556640625e-03
9.895801544189453125e-03
8.305072784423828125e-03
7.825374603271484375e-03
1.051855087280273438e-02
8.460521697998046875e-03
9.829521179199218750e-03
8.837223052978515625e-03
1.142072677612304688e-02
1.156568527221679688e-02
9.422779083251953125e-03
9.563446044921875000e-03
6.748676300048828125e-03
8.818626403808593750e-03
1.004838943481445312e-02
9.886264801025390625e-03
8.209228515625000000e-03
9.869575500488281250e-03
6.659984588623046875e-03
1.031351089477539062e-02
1.177501678466796875e-02
8.126735687255859375e-03
9.554862976074218750e-03
8.494853973388671875e-03
9.841442108154296875e-03
7.164001464843750000e-03
9.353160858154296875e-03
8.691310882568359375e-03
9.185791015625000000e-03
1.211357116699218750e-02
9.244441986083984375e-03
1.019287109375000000e-02
1.095104217529296875e-02
1.039123535156250000e-02
8.415699005126953125e-03
9.643554687500000000e-03
9.629726409912109375e-03
9.252548217773437500e-03
6.264686584472656250e-03
6.266117095947265625e-03
8.911132812500000000e-03
9.653568267822265625e-03
8.831024169921875000e-03
9.862422943115234375e-03
8.602619171142578125e-03
9.861469268798828125e-03
6.624221801757812500e-03
8.419990539550781250e-03
7.890701293945312500e-03
8.474349975585937500e-03
1.044702529907226562e-02
1.021146774291992188e-02
9.679794311523437500e-03
8.541584014892578125e-03
8.206844329833984375e-03
9.032249450683593750e-03
8.838176727294921875e-03
8.447647094726562500e-03
9.754657745361328125e-03
8.905887603759765625e-03
8.176326751708984375e-03
1.027107238769531250e-02
6.825447082519531250e-03
8.923053741455078125e-03
8.805274963378906250e-03
7.869720458984375000e-03
1.084136962890625000e-02
7.723331451416015625e-03
7.259845733642578125e-03
7.424831390380859375e-03
1.070308685302734375e-02
8.680820465087890625e-03
1.013708114624023438e-02
1.196670532226562500e-02
1.042938232421875000e-02
7.090091705322265625e-03
8.519649505615234375e-03
9.462356567382812500e-03
9.707927703857421875e-03
9.816646575927734375e-03
1.052236557006835938e-02
7.807731628417968750e-03
7.873535156250000000e-03
6.891250610351562500e-03
9.281158447265625000e-03
8.075237274169921875e-03
7.483959197998046875e-03
9.219169616699218750e-03
1.050615310668945312e-02
8.110523223876953125e-03
1.078605651855468750e-02
7.904529571533203125e-03
9.416580200195312500e-03
6.981849670410156250e-03
8.075237274169921875e-03
7.577896118164062500e-03
7.348060607910156250e-03
1.060962677001953125e-02
8.406639099121093750e-03
1.124286651611328125e-02
7.767200469970703125e-03
7.539749145507812500e-03
9.531021118164062500e-03
7.924556732177734375e-03
7.882118225097656250e-03
7.040977478027343750e-03
9.400844573974609375e-03
8.383274078369140625e-03
1.122140884399414062e-02
9.908199310302734375e-03
8.300781250000000000e-03
8.489131927490234375e-03
7.673740386962890625e-03
1.087522506713867188e-02
8.460044860839843750e-03
9.285926818847656250e-03
9.945869445800781250e-03
6.299018859863281250e-03
9.002685546875000000e-03
7.755279541015625000e-03
9.444236755371093750e-03
7.115364074707031250e-03
9.219169616699218750e-03
8.509159088134765625e-03
9.338378906250000000e-03
8.788585662841796875e-03
9.377479553222656250e-03
8.072853088378906250e-03
8.638381958007812500e-03
7.764816284179687500e-03
1.117610931396484375e-02
8.652210235595703125e-03
8.093357086181640625e-03
1.041841506958007812e-02
9.746074676513671875e-03
7.874011993408203125e-03
9.447574615478515625e-03
1.042890548706054688e-02
6.588459014892578125e-03
8.063316345214843750e-03
7.629871368408203125e-03
1.022100448608398438e-02
8.858680725097656250e-03
8.340358734130859375e-03
8.354187011718750000e-03
8.460521697998046875e-03
9.868621826171875000e-03
9.006977081298828125e-03
6.979465484619140625e-03
8.281707763671875000e-03
9.380817413330078125e-03
9.816169738769531250e-03
8.271694183349609375e-03
8.542060852050781250e-03
6.548404693603515625e-03
5.781650543212890625e-03
8.286476135253906250e-03
8.917808532714843750e-03
8.260726928710937500e-03
7.740020751953125000e-03
7.790088653564453125e-03
7.632732391357421875e-03
7.929325103759765625e-03
7.990837097167968750e-03
9.147644042968750000e-03
8.896827697753906250e-03
9.426116943359375000e-03
6.102561950683593750e-03
9.144783020019531250e-03
8.148193359375000000e-03
7.837772369384765625e-03
8.551120758056640625e-03
5.027770996093750000e-03
8.901596069335937500e-03
8.832454681396484375e-03
9.069442749023437500e-03
1.039075851440429688e-02
9.280204772949218750e-03
7.579326629638671875e-03
7.036685943603515625e-03
7.083415985107421875e-03
9.099960327148437500e-03
9.230136871337890625e-03
8.243560791015625000e-03
7.271289825439453125e-03
8.575916290283203125e-03
7.903099060058593750e-03
1.038980484008789062e-02
7.280349731445312500e-03
9.284496307373046875e-03
7.680892944335937500e-03
5.924701690673828125e-03
7.391452789306640625e-03
9.410381317138671875e-03
7.208347320556640625e-03
8.710384368896484375e-03
7.475852966308593750e-03
1.032733917236328125e-02
9.280681610107421875e-03
1.005363464355468750e-02
6.332397460937500000e-03
8.903503417968750000e-03
8.287906646728515625e-03
7.167816162109375000e-03
7.795810699462890625e-03
8.342742919921875000e-03
7.990360260009765625e-03
8.453845977783203125e-03
8.736610412597656250e-03
7.160186767578125000e-03
8.026599884033203125e-03
9.060859680175781250e-03
6.961822509765625000e-03
7.388114929199218750e-03
7.801055908203125000e-03
9.133338928222656250e-03
9.865760803222656250e-03
8.416652679443359375e-03
6.807327270507812500e-03
9.500503540039062500e-03
6.638526916503906250e-03
8.598804473876953125e-03
6.827354431152343750e-03
9.160518646240234375e-03
7.012844085693359375e-03
6.943225860595703125e-03
7.175445556640625000e-03
6.330966949462890625e-03
5.986690521240234375e-03
9.053707122802734375e-03
7.542610168457031250e-03
8.384227752685546875e-03
7.369995117187500000e-03
6.887435913085937500e-03
8.453369140625000000e-03
9.404659271240234375e-03
8.877754211425781250e-03
7.755756378173828125e-03
7.999420166015625000e-03
8.444786071777343750e-03
6.323814392089843750e-03
7.148265838623046875e-03
7.923603057861328125e-03
6.584644317626953125e-03
5.900859832763671875e-03
8.880615234375000000e-03
9.106636047363281250e-03
7.671833038330078125e-03
8.843421936035156250e-03
9.661674499511718750e-03
9.323596954345703125e-03
8.593082427978515625e-03
6.538867950439453125e-03
7.936477661132812500e-03
7.763862609863281250e-03
6.995677947998046875e-03
8.097171783447265625e-03
6.487846374511718750e-03
7.393836975097656250e-03
8.333206176757812500e-03
7.277488708496093750e-03
7.782936096191406250e-03
8.467197418212890625e-03
9.543895721435546875e-03
7.822990417480468750e-03
6.865978240966796875e-03
7.646560668945312500e-03
9.252548217773437500e-03
7.443904876708984375e-03
6.940364837646484375e-03
7.819175720214843750e-03
4.915714263916015625e-03
8.098602294921875000e-03
7.455348968505859375e-03
7.220745086669921875e-03
7.874965667724609375e-03
8.128166198730468750e-03
7.786273956298828125e-03
7.479667663574218750e-03
8.088588714599609375e-03
6.266593933105468750e-03
5.060672760009765625e-03
8.273601531982421875e-03
5.106449127197265625e-03
8.147239685058593750e-03
7.853031158447265625e-03
5.811691284179687500e-03
6.061553955078125000e-03
6.389141082763671875e-03
6.125450134277343750e-03
8.405208587646484375e-03
7.627964019775390625e-03
6.718158721923828125e-03
7.632255554199218750e-03
6.665229797363281250e-03
6.671428680419921875e-03
7.386684417724609375e-03
6.352424621582031250e-03
7.543563842773437500e-03
8.175849914550781250e-03
8.064746856689453125e-03
9.131908416748046875e-03
7.864952087402343750e-03
6.751060485839843750e-03
7.590770721435546875e-03
8.723735809326171875e-03
7.413864135742187500e-03
9.499549865722656250e-03
9.328842163085937500e-03
7.150173187255859375e-03
9.076118469238281250e-03
6.807327270507812500e-03
6.056785583496093750e-03
7.111549377441406250e-03
9.159088134765625000e-03
6.272792816162109375e-03
6.877899169921875000e-03
9.179115295410156250e-03
7.862567901611328125e-03
8.182048797607421875e-03
7.719516754150390625e-03
9.452342987060546875e-03
6.030559539794921875e-03
8.473873138427734375e-03
7.803916931152343750e-03
7.894992828369140625e-03
5.206584930419921875e-03
8.291721343994140625e-03
7.474899291992187500e-03
7.211685180664062500e-03
8.964538574218750000e-03
8.762836456298828125e-03
7.134437561035156250e-03
6.543159484863281250e-03
9.687423706054687500e-03
6.397724151611328125e-03
6.783485412597656250e-03
7.605552673339843750e-03
6.129741668701171875e-03
1.074314117431640625e-02
6.972312927246093750e-03
6.892204284667968750e-03
5.035877227783203125e-03
6.742954254150390625e-03
7.580757141113281250e-03
6.199836730957031250e-03
7.419586181640625000e-03
6.539821624755859375e-03
